18747, 16795, 17150, 16675, 19896, 18852, 16259, 18511, 14245, 19534, 15118, 1967318431, 19535, 18368, 15714, 16731, 16416, 15147, 14306, 17829, 14484, 16361, 18299, 19943, 18078, 15454, 1781814777, 16785, 19583, 16557, 14959, 14913, 19107, 17003, 14372, 16211, 18323, 15630, 19567, 14309, 15679, 17396, 17252, 16219, 16194, 16012, 16744.5, 17477, 15465, 15438, 16988, 1714215151, 19639, 15486, 19025, 18029, 18556, 18003, 15739, 17058, 1959318618, 18756, 14310, 18987, 18396, 19250, 19545, 19669, 16563, 16953, 17717, 15003.5, 19397, 19609, 19056, 14586, 1777919337, 17903, 14966, 17924, 17427, 14357, 1774415100, 15134, 14755, 14642, 16900, 17375, 16296, 18769, 16164, 1630017458, 19775, 16749, 18633, 18216, 15458, 16913, 15283, 17062, 17563, 15912, 19738, 17793, 18098.0, 18403, 15182, 1979519923, 16826, 18048, 15860, 17594, 18729, 17781, 18893, 17266, 18142, 18877.0, 19612, 14778, 14892, 1438419428, 19880, 19521, 18899, 19622, 15676, 16431, 14944, 15108, 18495, 17585, 18578, 15989, 18814, 18067, 15838, 16965, 17663, 19365, 1606014354, 15256, 17750, 18006, 19150, 19953, 19021, 16419, 16599, 15719, 17936, 16047, 17567, 15100, 15436, 15075, 17239, 16278, 1739618518, 14703, 15663, 16264, 16444, 19495, 14393, 15934, 18125, 1525915682, 16833, 17686, 14984, 17564, 18528, 17578.5, 16629, 19080, 16991, 17035, 18930, 14883, 19273, 18423, 18691, 14483, 15561, 19409, 18144, 14356
18754, 16166, 16713, 19227, 15251, 19094, 14403, 1425519523, 18178, 16285, 19119, 19728, 1892414370, 18791, 19411, 16047, 19667, 17366, 15307, 19849, 19634, 19093, 18408, 18150, 1866018576, 19291, 16650, 17330, 16037.5, 19206, 18295, 17492, 14628.0, 19047, 19789, 15756, 14271, 14578, 17711, 18237, 14611, 19546, 17150, 1973216575, 14719, 18645, 15798, 19514, 16886, 15718, 16795, 19379, 18784, 15069, 18968, 14591, 19759, 18416, 1826917685, 17899, 17937, 15651, 17192, 16933, 15036, 14907, 19267, 17262, 15211.5, 14192
17327, 19944, 16064, 19541, 19448.5, 19356, 15300, 15942, 15751, 14474, 14882, 18978, 15661, 17003, 17752, 17719, 14735, 14211, 18555, 15354, 16677, 16810
18671, 17579, 17606, 16881, 17146, 14300, 19404, 15251, 16906, 17909, 17514
15902, 19069, 17200, 18789, 16375, 15352, 19148, 1968216563, 17483, 16586, 17538, 15896, 15314, 16658, 15400, 18641, 18514, 14526, 14812, 15982, 19185, 15828, 15591, 14669, 19297, 18803, 1757019161, 16301, 16036, 17283, 19031, 1444319581, 18412, 15121, 18893, 17923, 17999, 18957, 19621, 16346, 16251, 14853, 14499, 16400, 14637, 16918, 16511, 18317, 18907, 15419, 16968, 14311, 17268, 1591917773, 14497, 19404, 19382, 14590, 19520, 17990, 17929, 18491, 15789.0, 17003, 17496, 17279, 16134, 18869, 18070, 15636, 17360, 19764, 19132
18115, 15166, 16305, 17451, 18834, 19050, 19638, 18355, 17181, 19148, 19319, 16655, 19687, 17902, 1451516671, 14377, 18750, 15093, 19100, 17467, 19628, 15292, 17313, 14604, 1498415748, 14533, 14366, 14264, 17003, 19589, 16534, 15424.0, 14314, 16270, 16956, 14292, 18221, 16773, 14650, 17803, 18853.0, 19903, 15826, 14706, 14416
14469, 16956, 19923, 17006, 18039, 16357, 16554, 15468, 17099, 14363, 19611, 14457, 17094, 17810, 19923, 19872, 16149, 14273.0, 14775, 14750, 15704, 16891, 19885, 16403, 15345.0, 14287, 19115, 1793417582, 14525, 15504, 19285, 17284, 15209, 16614, 19773, 15030, 18597, 19769, 15580, 19060, 16507
14877, 16124, 17256, 16155, 19667, 15786, 19085, 18036, 16065, 18996, 14628, 16130, 14368, 18457, 19393, 18922, 15003, 17779, 18508, 17033, 17510, 18944, 19703
16579, 17785, 18415, 17288, 14636, 15339.0, 16042, 17509.0, 18976, 14849, 14327, 19552, 1979914559, 15168, 16767, 18436, 15738, 16972, 19703, 18687, 17090, 15114, 16659, 19346, 16007, 18106, 1692418763, 14661, 15709, 14667, 14951, 18646, 1935019577, 18885, 16628, 15194, 19247, 14319, 17715, 16583, 17274, 17613, 19202
15156, 17724, 18101, 18362, 18014, 17396, 16516, 15269, 18198, 17860, 16236, 18119, 15568, 15817, 15252, 18528
16343, 19649, 14530, 18511, 19115, 14910, 15822, 18299, 16544, 19915, 17689, 15096, 16646, 17349, 16013, 14610, 17902, 18665, 18707, 15000, 15128, 15954, 14810, 17760, 17114, 1846215539, 16008, 18220, 19930, 14569, 18456, 15711, 16294, 16219, 17892, 17556, 19215, 1512117807, 16957, 14222, 17747, 18780, 17313, 15920, 15407, 18793, 17296, 19121, 1800419911, 18884, 18728, 18967, 17950, 17055, 19871, 15674, 17056, 15095, 17335, 15490, 18633, 16743, 15081, 1722317659, 19165, 19947, 19803, 14308, 19443, 18074, 19319, 15069, 15248.0, 15427, 16885, 16809, 15582, 16172, 19204, 16956, 18985, 15034, 16513, 1859316796, 19388, 18468, 14379, 17463, 19957, 15483, 17097, 18248, 19099, 14727, 17850, 16319, 1673816459, 19062, 18782, 19299, 17021, 18666, 15096, 15677, 16653, 15233, 16113, 14548, 15505, 19257, 15406, 17220
18629, 18874, 17185, 17258, 18489, 15805, 17366, 18527, 16513, 15129, 19237, 16150, 16051, 16084, 18412, 17394, 1425416236, 16254, 19839, 17125, 17752, 14460, 18236, 18078, 14727.5, 15339, 19412, 16515, 15487, 1426215064, 17805, 15578, 16023, 17056, 14698.0, 16027, 16831, 16784, 19326, 17213, 19846, 1887814777, 19156, 19236, 16157, 16660, 17066, 16291, 18192, 15334, 14418, 17608, 19033, 17760, 19700, 14690.0, 16699, 1631419200, 19361, 15050, 15568, 15405, 16236, 16844, 18306, 17624, 14760, 15289, 19566, 1425819380, 19849, 18879, 17267.0, 15655, 19374, 17072
19012, 19823, 17492, 14768, 18602, 17180, 15822, 15608, 16209, 17195, 15602, 1599415921, 16467, 18434, 17716, 14259, 19826, 14889.5, 18673, 15171, 18169, 19048.0, 19927, 15855, 17396
15803, 15278.5, 19187, 18021.0, 16855, 16193.5, 15532, 17094, 19985, 19234, 1969419088, 15997, 16943, 17285, 15635, 18537, 18892, 14786, 15555, 16683, 14811.0, 16024, 18114, 18444, 19850, 1597119988, 16204, 18792, 14664, 18664, 18609.0, 18554, 16867, 19572, 18112, 19516, 17897
16135, 14895, 15740, 14277, 19184, 15674, 16776.0, 17878, 15562, 19630, 15914, 18530, 17543, 14378, 14305, 19817, 18739, 16750.0, 14761, 17900, 18330, 19214, 18575.0, 17936, 18810, 1838815782, 18505, 14410, 14359, 16299, 15244, 14836, 16274, 14323, 18790, 18955, 14539, 15701, 17388
18545, 17237, 17389, 16904, 19215, 14470
14831, 17921, 14383, 18232, 18138, 15729, 16410, 1986717084, 16955, 18531, 15167, 18653, 19419, 19700, 17455, 17548, 17440, 19115, 17783, 17671, 18108, 1634219669, 17112, 19783, 14961, 15147, 15697, 17723, 19483, 17143, 17826, 16673, 16823, 14315, 16478, 17031, 18749, 19209, 19294, 19361, 1699715031, 14771, 19570, 15138, 19989, 16195, 18611, 19703, 18195
15105, 15550, 14490, 14409, 17922, 18809, 18613, 17618, 15742.0, 18005, 19741, 14283, 15287.5, 17092, 17378, 16860, 17622, 15843.5, 18950, 19869, 17433, 1794417437, 19356, 14580, 18207, 18622, 19544, 14539, 18024, 16117.0, 14210, 1677518329, 16421, 14930, 1566915113, 17028, 15179, 14889, 18602, 19748, 16345, 19960, 19291, 17342, 15916, 16235, 17670, 1442019385, 14321, 17348, 19548, 17423, 19187, 18979, 18105, 14786, 17765, 19397, 15611, 19507, 19440, 18912
19317, 19719, 18108, 17258, 15570, 19120
15499, 15141, 16848, 19383, 16715, 17999, 14844, 15627, 14883, 17837, 15318, 17075, 17259, 14609, 15968, 19387, 19788, 16641
19616, 19526, 16566, 18221, 18367, 17832, 1604919381, 19126, 16843, 15803, 17193, 16347, 16483, 17603, 16064, 16144.5, 19383, 1710117943, 15984, 14392
16662, 14533, 15994, 19899, 16935.0, 17567, 19663, 18696, 14523, 17675, 17096, 17342, 14301, 19822
17565, 16926, 15163, 19360, 19631, 16252, 15965, 18225, 15237, 19036, 15208, 19243, 16615, 17377
19408, 18812, 18063, 19759, 19486, 14415, 1666616932, 18675, 17412, 15242, 18401, 19264, 19485, 14421, 16191, 16596, 17332, 18943, 14968, 18572